======= POST ========

01: 214,222,244,322,336,380,426,504,510,716,640 (9)

10: 200,200,200,300,300,300,400,500,500,700,600 (6)

05: 125,125,125,250,250,375,375,500,500,625,625 (5)

04: 192,192,192,256,256,256,256,256,256,512,512 (3)

03: 162,162,243,243,243,243,243,486,486,486,486 (3)

02: 128,128,128,256,256,256,256,256,256 (2)

======= TAG  ========

01: 34,51,68,89,36,54,55,72,95,105,120,48,63,108 (14)

10: 30,50,60,80,30,50,50,70,90,100,100,40,60,100 (8)

05: 25,50,50,75,25,50,50,50,75,100,100,25,50,100 (4)

04: 32,48,64,64,32,48,48,64,64, 64, 64,48,48, 64 (3)

03: 27,27,54,81,27,54,54,54,81, 81, 81,27,54, 81 (3)

02: 32,32,64,64,32,32,32,64,64, 64, 64,32,32, 64 (2)